vec <- c(1:10)
